0000000000000000000000000000000000000000000000000000000000000000
0011111110111111101000010100010000000000000000000000000000000000
0010010010000100001100010100010000000000000000000000000000000000
0000010000000100001010010100010000000000000000000000000000000000
0000010000000100001001010011100000000000000000000000000000000000
0000010000000100001000110001000000000000000000000000000000000000
0000010000111111101000010001000000000000000000000000000000000000
0000000000000000000000000000000000000000000000000000000000000000
0000000000000000000000000000000000000000000000000000000000000000
0011111111110111111101111111111011111110011111111110111111110000
0011111111110111111101111111111011111111011111111110111111110000
0011001100110110000001100110011011000011000001100000111000000000
0000001100000110000000000110000011000011000001100000011100000000
0000001100000111100000000110000011111110000001100000001110000000
0000001100000111100000000110000011111110000001100000000111000000
0000001100000110000000000110000011011100000001100000000011100000
0000001100000110000000000110000011001110000001100000000001110000
0000001100000111111100000110000011000111011111111110111111110000
0000001100000111111100000110000011000011011111111110111111110000
0000000000000000000000000000000000000000000000000000000000000000
0000000000000000000000000000000000000000000000000000000000000000
0000000000000000000000000000000000000000000000000000000000000000
0000000000000000000000000000000000000000000000000000000000000000
0000000000000000000000000000000000000000000000000000000000000000
0000000000000000000000000000000000000000000000000000000000000000
0000000000000000000000000000000000000000000000000000000000000000
0000000000000000000000000000000000000000000000000000000000000000
0000000000000000000000000000000000000000000000000000000000000000
0000000000000000000000000000000000000000000000000000000000000000
0000000000000000000000000000000000000000000000000000000000000000
0000000000000000000000000000000000000000000000000000000000000000
0000000000000000000000000000000000000000000000000000000000000000
0000000000000000000000000000000000000000000000000000000000000000
0000000000000000000000000000000000000000000000000000000000000000
0000000000000000000000000000000000000000000000000000000000000000
0000000000000000000000000000000000000000000000000000000000000000
0000000000000000000000000000000000000000000000000000000000000000
0000000000000000000000000000000000000000000000000000000000000000
0000000000000000000000000000000000000000000000000000000000000000
0000000000000000000000000000000000000000000000000000000000000000
0000000000000000000000000000000000000000000000000000000000000000
0000000000000000000000000000110000000000000000000000000000000000
0000000000000000000000000000110000000000000000000000000000000000
0000000000000000000000000000000000000000000000000000000000000000
0000000000000000000000000000110000000000000000000000000000000000
0000000000000000000000000000110000000000000000000000000000000000
0000000000000000000000000000000000000000000000000000000000000000
0000000000000000000000000000110000000000000000000000000000000000
0000000000000000000000000000110000000000000000000000000000000000
0000000000000000000000000000000000000000000000000000000000000000
0000000000000000000000000000110000000000000000000000000000000000
0000000000000000000000000000110000000000000000000000000000000000
0000000000000000000000000000000000000000000000000000000000000000
0000000000000000000000000000000000000000000000000000000000000000
0000000000000000000000000000000000000000000000000000000000000000
0000000000000000000000000000000000000000000000000000000000000000
0000000000000000000000000000000000000000000000000000000000000000
0000000000000000000000000000000000000000000000000000000000000000
0000000000000000000000000000000000000000000000000000000000000000
0000000000000000000000000000000000000000000000000000000000000000
0000000000000000000000000000000000000000000000000000000000000000
0000000000000000000000000000000000000000000000000000000000000000
0000000000000000000000000000000000000011011011011000000000000000
0000000000000110110000000000000000000011011011011000000000000000
0000000000000110110000000000000000000000000000000000000000000000
0000000000000000000000000000000000000000000000000000000000000000
0000000000000110110000000000000000000000000000000000000000000000
0000000000000110110000000000000000000000000000000000000000000000
0000000000000000000000000000000000000000000000000000000000000000
0000000000000000000000000000000000000000000000000000000000000000
0000000000000000000000000000000000000000000000000000000000000000
0000000000000000000000000000000000000000000000000000000000000000
0000000000000000000000000000000000000000000000000000000000000000
0000000000000000000000000000000000000000000000000000000000000000
0000000000000000000000000000000000000000000000000000000000000000
0110110000000000000000000000000000000000000000000000000000000000
0110110000000000000000000000000000000000000000000000000000000000
0000000000000000000000000000000000000000000000000000000000000000
0110000000000000000000000000000000000000000000000000000000000000
0110000000000000000000000000000000000000000000000000000000000000
0000000000000000000000000000000000011011000000000000000000000000
0110000000000000000000000000000000011011000000000000000000000000
0110000000000000000000000000000000000000000000000000110110000000
0000000000000000000000000000000011011000000000000000110110000000
0000000000000000000000000000000011011000000000000000000000000000
0000000000000000110110110000000000000000000000000000110110000000
0000000000000000110110110000000000000000000000000000110110000000
0000000000000000000000000000000000000000000000000000000000000000
0000000000000000000000110000000000000000000000000000000000000000
0000000000000000000000110000000000000000000000000000000000000000
0000000000000000000000000000000000000000000000000000000000000000
0000000000000000000000000000000000000000000000000000000000000000
0000000000000000000000000000000000000000000000000000000000000000
0000000000000000000000000000000000000000000000000000000000000000
0000000000000000000000000000000000000011000000000000000000000000
0000000000000000000000000000000000000011000000000000000000000000
0000000000000000000000000000000000000000000000000000000000000000
0000000000000000000000000000000000000011000000000000000000000000
0000000000000000000000000000000000000011000000000000000000000000
0000000000000000000000000110000000000000000000000000000000000000
0000000000000000000000000110000000000011000000000000000000000000
0000000000000000000000000000000000000011000000000000000000000000
0000000110110110000000000110000000000000000000000000000000110000
0000000110110110000000000110000000000011000000000000000000110000
0000000000000000000000000000000000000011000000000000000000000000
0000000000110000000000000110110000000000000000000000000110110000
0000000000110000000000000110110000000000000000000000000110110000
0000000000000000000000000000000000000000000000000000000000000000
0000000000000000000000000000000000000000000000000000000110000000
0000000000000000000000000000000000000000000000000000000110000000
0000000000000000000000000000000000000000000000000000000000000000
0000000000000000000000000000000000000000000000000000000000000000
0000000000000000000000000000000000000000000000000000000000000000
0000000000000000000000000000000000000000000000000000000000000000
0000000000000000000000000000000000000110110000000000000000000000
0000000000000000000000000000000000000110110000000000000000000000
0110000000000000000000000000000000000000000000000000000000000110
0110000000000000000000000000000000000110110000000000000000000110
0000000000000000000000000000000000000110110000000000000000000000
0110110110000000000000000000110000000000000000000110000000000110
0110110110000000000000000000110000000000000000000110000000000110
0000000000000000000000000000000000000000000000000000000000000000
0110110110110000000110110000110110000000000000110110110000000110
0110110110110000000110110000110110000000000000110110110000000110
0000000000000000000000000000000000000000000000000000000000000000
0110110110110000110110000110110110110000000110110110000000110110
0110110110110000110110000110110110110000000110110110000000110110
0000000000000000000000000000000000000000000000000000000000000000
